21 21               M
0 1 1 1 1 1 1 1 1 1 1 1 1 1 1 1 1 1 1 1 0
0 1 2 2 2 2 2 2 2 2 1 2 2 2 2 2 2 2 2 1 0
0 1 2 1 1 2 1 1 1 2 1 2 1 1 1 2 1 1 2 1 0
0 1 2 2 2 2 2 2 2 2 2 2 2 2 2 2 2 2 2 1 0
0 1 2 1 1 2 1 2 1 1 1 1 1 2 1 2 1 1 2 1 0
0 1 2 2 2 2 1 2 2 2 1 2 2 2 1 2 2 2 2 1 0
0 0 0 0 1 2 1 0 0 0 0 0 0 0 1 2 1 0 0 0 0
1 1 1 1 1 2 1 0 1 1 S 1 1 0 1 2 1 1 1 1 1
0 0 0 0 0 2 0 0 1 S S S 1 0 0 2 0 0 0 0 0 //kuca
1 1 1 1 1 2 1 0 1 1 1 1 1 0 1 2 1 1 1 1 1
0 0 0 0 1 2 1 0 0 0 0 0 0 0 1 2 1 0 0 0 0
0 1 1 1 1 2 1 0 1 1 1 1 1 0 1 2 1 1 1 1 0
0 1 2 2 2 2 2 2 2 2 1 2 2 2 2 2 2 2 2 1 0
0 1 2 1 1 2 1 1 1 2 1 2 1 1 1 2 1 1 2 1 0
0 1 2 2 1 2 2 2 2 2 9 2 2 2 2 2 1 2 2 1 0
0 1 1 2 1 2 1 2 1 1 1 1 1 2 1 2 1 2 1 1 0
0 1 2 2 2 2 1 2 2 2 1 2 2 2 1 2 2 2 2 1 0
0 1 2 1 1 1 1 1 1 2 1 2 1 1 1 1 1 1 2 1 0
0 1 2 2 2 2 2 2 2 2 2 2 2 2 2 2 2 2 2 1 0
0 1 1 1 1 1 1 1 1 1 1 1 1 1 1 1 1 1 1 1 0

